target,moment
0.000729426174,0.0006812015075030131
