target,moment
0.3475,0.3255133090369227
