target,moment
0.05,0.04874716110379231
