target,moment
0.015629,0.01521251363819426
