target,moment
0.65,0.3059424631170989
